0,394589.800000001,6389236.7
1,394600.326025428,6389253.70596333
2,394610.852050856,6389270.71192665
3,394621.378076283,6389287.71788998
4,394631.904101711,6389304.72385331
5,394642.430127139,6389321.72981664
6,394652.956152566,6389338.73577996
7,394664.314972572,6389355.18455276
8,394676.018090439,6389371.40296921
9,394687.721208306,6389387.62138566
10,394699.424326173,6389403.83980211
11,394711.12744404,6389420.05821856
12,394717.931985234,6389438.19301719
13,394720.340982917,6389458.04740538
14,394722.7499806,6389477.90179356
15,394725.158978282,6389497.75618175
16,394727.567975965,6389517.61056993
17,394724.900292274,6389537.35807509
18,394721.657782281,6389557.09347803
19,394718.415272288,6389576.82888096
20,394715.172762295,6389596.56428389
21,394711.930252302,6389616.29968683
22,394708.687742309,6389636.03508976
23,394703.997720622,6389655.40268862
24,394697.42588823,6389674.29213062
25,394690.854055838,6389693.18157262
26,394684.282223446,6389712.07101461
27,394677.710391054,6389730.96045661
28,394665.128735926,6389744.73635205
29,394647.535222421,6389754.24783367
30,394629.941708915,6389763.75931529
31,394612.34819541,6389773.2707969
32,394595.612224237,6389771.70833832
33,394579.692773102,6389759.60168413
34,394563.773321967,6389747.49502995
35,394545.780149626,6389741.7993582
36,394525.786151825,6389742.28930913
37,394505.792154023,6389742.77926006
38,394485.798156222,6389743.26921099
39,394465.957060944,6389744.84864013
40,394446.600610808,6389749.88131716
41,394427.244160673,6389754.9139942
42,394407.887710537,6389759.94667123
43,394388.557790014,6389765.07442689
44,394369.392034798,6389770.79052932
45,394350.226279582,6389776.50663176
46,394331.060524367,6389782.22273419
47,394311.894769151,6389787.93883662
48,394292.74438743,6389793.70589243
49,394273.615428534,6389799.54395132
50,394254.486469637,6389805.3820102
51,394235.35751074,6389811.22006909
52,394216.228551844,6389817.05812797
53,394197.099592947,6389822.89618685
54,394177.970634051,6389828.73424574
55,394158.841675154,6389834.57230462
56,394139.712716258,6389840.41036351
57,394120.583757361,6389846.24842239
58,394101.454798465,6389852.08648128
59,394082.325839568,6389857.92454016
60,394063.196880672,6389863.76259904
61,394045.128387211,6389872.09098618
62,394027.663129916,6389881.835974
63,394010.197872621,6389891.58096182
64,393992.732615326,6389901.32594964
65,393975.267358031,6389911.07093746
66,393957.802100737,6389920.81592528
67,393940.336843442,6389930.5609131
68,393928.846669738,6389945.15089479
69,393922.920901176,6389964.25286502
70,393916.995132614,6389983.35483526
71,393911.069364052,6390002.4568055
72,393910.687646581,6390021.90321343
73,393914.203459352,6390041.59176494
74,393921.221001196,6390059.45258676
75,393935.363136819,6390073.59472239
76,393949.505272442,6390087.73685801
77,393963.920917565,6390101.5968943
78,393978.493470943,6390115.29509448
79,393993.066024321,6390128.99329465
80,394007.638577699,6390142.69149483
81,394022.211131078,6390156.389695
82,394035.722433193,6390170.87801335
83,394044.666705103,6390188.76655717
84,394053.610977013,6390206.65510099
85,394062.555248923,6390224.54364481
86,394061.115441905,6390243.86197276
87,394057.338494032,6390263.5021017
88,394053.56154616,6390283.14223064
89,394049.784598287,6390302.78235958
90,394040.074572159,6390319.45406492
91,394026.621116279,6390334.25286639
92,394013.167660399,6390349.05166785
93,393999.714204519,6390363.85046932
94,393986.260748639,6390378.64927079
95,393972.807292759,6390393.44807226
96,393959.353836879,6390408.24687373
97,393945.900380999,6390423.04567519
98,393932.446925119,6390437.84447666
99,393918.993469239,6390452.64327813
100,393905.540013359,6390467.4420796
101,393892.086557479,6390482.24088106
102,393878.633101599,6390497.03968253
103,393862.786031937,6390508.89417564
104,393845.55227219,6390519.04294526
105,393828.318512442,6390529.19171489
106,393811.084752695,6390539.34048452
107,393793.850992948,6390549.48925415
108,393776.617233201,6390559.63802378
109,393759.383473454,6390569.78679341
110,393742.149713707,6390579.93556304
111,393725.626920525,6390591.07726222
112,393710.467462342,6390604.12298288
113,393695.30800416,6390617.16870354
114,393680.148545977,6390630.21442421
115,393664.989087795,6390643.26014487
116,393649.829629612,6390656.30586553
117,393634.67017143,6390669.3515862
118,393619.510713247,6390682.39730686
119,393604.351255065,6390695.44302752
120,393589.191796882,6390708.48874818
121,393578.249560216,6390722.71634719
122,393584.42150417,6390741.74020347
123,393590.593448125,6390760.76405975
124,393596.76539208,6390779.78791603
125,393606.79828436,6390797.08605338
126,393617.657114293,6390813.8350979
127,393629.854105055,6390829.68544226
128,393642.118950487,6390845.44520193
129,393660.759043918,6390852.69412716
130,393679.399137349,6390859.94305238
131,393698.03923078,6390867.1919776
132,393716.679324211,6390874.44090282
133,393732.731166858,6390885.18050606
134,393745.082451173,6390900.91091533
135,393757.433735488,6390916.6413246
136,393769.785019802,6390932.37173387
137,393782.136304117,6390948.10214314
138,393794.487588432,6390963.83255241
139,393806.838872747,6390979.56296168
140,393819.190157062,6390995.29337095
141,393831.541441376,6391011.02378022
142,393843.892725691,6391026.75418948
143,393856.244010006,6391042.48459875
144,393868.595294321,6391058.21500802
145,393880.946578635,6391073.94541729
146,393893.29786295,6391089.67582656
147,393899.429129098,6391108.3731142
148,393903.881456292,6391127.87123674
149,393908.333783486,6391147.36935927
150,393912.786110681,6391166.86748181
151,393917.238437875,6391186.36560435
152,393921.690765069,6391205.86372689
153,393926.143092263,6391225.36184943
154,393930.595419458,6391244.85997197
155,393935.047746652,6391264.35809451
156,393939.500073846,6391283.85621705
157,393941.96074493,6391303.57884405
158,393941.96074493,6391323.57884405
159,393941.96074493,6391343.57884405
160,393941.96074493,6391363.57884405
161,393941.96074493,6391383.57884405
162,393941.96074493,6391403.57884405
163,393941.96074493,6391423.57884405
164,393941.96074493,6391443.57884405
165,393941.96074493,6391463.57884405
166,393949.887793332,6391480.81054408
167,393962.338264648,6391496.46256517
168,393974.788735964,6391512.11458625
169,393987.23920728,6391527.76660733
170,394000.958047069,6391540.13611576
171,394020.698192468,6391536.92260372
172,394040.438337866,6391533.70909168
173,394060.178483265,6391530.49557963
174,394069.313502139,6391515.70536918
175,394074.240647451,6391496.3217875
176,394079.167792763,6391476.93820581
177,394084.094938074,6391457.55462412
178,394089.022083386,6391438.17104243
179,394104.240539209,6391427.56735913
180,394122.606067097,6391419.64855964
181,394140.971594985,6391411.72976015
182,394159.337122873,6391403.81096066
183,394177.702650761,6391395.89216116
184,394196.379428354,6391390.93704562
185,394215.989391182,6391394.86761274
186,394235.599354011,6391398.79817985
187,394255.209316839,6391402.72874697
188,394274.819279667,6391406.65931409
189,394291.526028855,6391416.32400283
190,394306.301580751,6391429.80298892
191,394321.077132648,6391443.28197502
192,394335.852684544,6391456.76096111
193,394350.62823644,6391470.23994721
194,394365.403788337,6391483.7189333
195,394381.150931445,6391495.96399008
196,394397.719784424,6391507.16546815
197,394414.288637403,6391518.36694622
198,394430.857490382,6391529.56842429
199,394447.426343361,6391540.76990236
200,394463.99519634,6391551.97138043
201,394480.564049319,6391563.1728585
202,394492.483513433,6391578.77596036
203,394502.761774329,6391595.93280602
204,394513.040035225,6391613.08965168
205,394502.707451291,6391628.58083117
206,394489.807506683,6391643.86452932
207,394476.907562076,6391659.14822747
208,394462.856203485,6391668.76325413
209,394445.015711082,6391659.72351791
210,394427.175218679,6391650.6837817
211,394409.203460823,6391648.63177604
212,394391.036049627,6391656.99509897
213,394372.868638431,6391665.3584219
214,394354.701227235,6391673.72174483
215,394336.533816039,6391682.08506776
216,394319.232523762,6391691.75128135
217,394304.489440958,6391705.26577392
218,394289.746358153,6391718.78026649
219,394275.003275349,6391732.29475906
220,394260.260192545,6391745.80925163
221,394245.517109741,6391759.3237442
222,394230.774026937,6391772.83823677
223,394220.016195518,6391789.49693904
224,394210.303336894,6391806.98008457
225,394200.590478271,6391824.46323009
226,394190.877619647,6391841.94637561
227,394181.164761024,6391859.42952113
228,394171.4519024,6391876.91266666
229,394161.739043777,6391894.39581218
230,394152.026185153,6391911.8789577
231,394142.31332653,6391929.36210322
232,394133.908811993,6391947.4960453
233,394125.825535026,6391965.78977738
234,394117.74225806,6391984.08350947
235,394109.658981093,6392002.37724155
236,394101.575704127,6392020.67097363
237,394093.492427161,6392038.96470571
238,394085.409150194,6392057.25843779
239,394077.972245374,6392075.79927272
240,394071.790523927,6392094.81995409
241,394065.60880248,6392113.84063547
242,394059.427081033,6392132.86131684
243,394053.245359587,6392151.88199822
244,394047.06363814,6392170.90267959
245,394040.881916693,6392189.92336097
246,394041.333747152,6392209.34864667
247,394045.157963985,6392228.97962641
248,394048.982180818,6392248.61060615
249,394052.806397651,6392268.24158589
250,394056.630614484,6392287.87256563
251,394060.454831317,6392307.50354537
252,394070.160686966,6392322.94268663
253,394087.469212675,6392332.96341204
254,394104.777738385,6392342.98413745
255,394122.086264094,6392353.00486286
256,394141.695353165,6392350.37033606
257,394161.423231641,6392347.08235631
258,394181.151110118,6392343.79437657
259,394200.878988595,6392340.50639682
260,394220.606867071,6392337.21841707
261,394240.390705048,6392334.29926795
262,394260.206036959,6392331.58769621
263,394280.02136887,6392328.87612448
264,394299.83670078,6392326.16455274
265,394319.652032691,6392323.45298101
266,394339.467364601,6392320.74140927
267,394359.282696512,6392318.02983754
268,394379.08581208,6392315.53836607
269,394398.479351847,6392320.42616877
270,394417.872891615,6392325.31397148
271,394437.266431382,6392330.20177419
272,394456.659971149,6392335.08957689
273,394476.053510917,6392339.9773796
274,394495.447050684,6392344.8651823
275,394514.840590452,6392349.75298501
276,394534.234130219,6392354.64078771
277,394553.627669987,6392359.52859042
278,394573.021209754,6392364.41639312
279,394590.55069241,6392373.99091047
280,394608.003542438,6392383.75810177
281,394625.456392467,6392393.52529307
282,394642.909242495,6392403.29248437
283,394660.362092523,6392413.05967567
284,394677.814942551,6392422.82686697
285,394695.267792579,6392432.59405827
286,394712.720642607,6392442.36124957
287,394730.173492635,6392452.12844087
288,394747.206469972,6392462.28252114
289,394755.516357123,6392480.47443625
290,394763.826244274,6392498.66635137
291,394772.136131425,6392516.85826648
292,394780.446018576,6392535.0501816
293,394788.755905728,6392553.24209671
294,394797.065792879,6392571.43401182
295,394805.37568003,6392589.62592694
296,394792.688421198,6392604.74805125
297,394779.51832904,6392619.79958514
298,394766.348236883,6392634.85111904
299,394753.178144726,6392649.90265293
300,394740.008052568,6392664.95418683
301,394723.218841023,6392675.6858425
302,394706.093014852,6392686.01570591
303,394688.967188681,6392696.34556931
304,394671.84136251,6392706.67543271
305,394654.715536339,6392717.00529612
306,394637.965938031,6392725.36597679
307,394625.854564051,6392709.45011614
308,394613.743190072,6392693.53425549
309,394606.902532225,6392675.22590013
310,394602.89502061,6392655.63151699
311,394598.887508996,6392636.03713385
312,394594.879997381,6392616.4427507
313,394590.872485766,6392596.84836756
314,394581.631021537,6392580.51197108
315,394565.818671393,6392568.2657642
316,394550.006321248,6392556.01955732
317,394534.193971104,6392543.77335044
318,394518.38162096,6392531.52714356
319,394502.569270816,6392519.28093668
320,394484.144910765,6392518.05872878
321,394464.518870763,6392521.90821626
322,394444.892830761,6392525.75770373
323,394425.266790758,6392529.60719121
324,394405.640750756,6392533.45667868
325,394386.014710753,6392537.30616616
326,394369.185133902,6392546.60037522
327,394354.623394929,6392560.31007099
328,394340.061655956,6392574.01976676
329,394325.499916983,6392587.72946253
330,394310.93817801,6392601.4391583
331,394296.376439037,6392615.14885407
332,394281.798619319,6392628.84144641
333,394267.218254171,6392642.53133144
334,394252.637889023,6392656.22121647
335,394238.057523875,6392669.9111015
336,394223.477158727,6392683.60098653
337,394208.896793579,6392697.29087157
338,394194.316428431,6392710.9807566
339,394179.736063283,6392724.67064163
340,394168.231340787,6392740.82881499
341,394158.022925607,6392758.02731084
342,394147.814510428,6392775.22580669
343,394137.606095248,6392792.42430254
344,394127.397680069,6392809.62279839
345,394117.189264889,6392826.82129424
346,394106.98084971,6392844.01979009
347,394089.641527056,6392853.55322747
348,394071.751690994,6392862.49491443
349,394053.861854932,6392871.43660139
350,394035.972018871,6392880.37828834
351,394018.082182809,6392889.3199753
352,393999.046974045,6392892.32772886
353,393979.114424498,6392890.68654984
354,393959.181874951,6392889.04537083
355,393939.249325404,6392887.40419182
356,393919.316775857,6392885.7630128
357,393899.38422631,6392884.12183379
358,393879.451676763,6392882.48065478
359,393859.519127216,6392880.83947576
360,393839.586577669,6392879.19829675
361,393819.675988493,6392877.32602676
362,393799.79109211,6392875.18338916
363,393779.906195728,6392873.04075157
364,393760.021299346,6392870.89811397
365,393740.136402963,6392868.75547638
366,393720.251506581,6392866.61283879
367,393700.700439478,6392865.76175851
368,393684.344311092,6392877.27162664
369,393667.988182706,6392888.78149476
370,393657.08584697,6392904.03279101
371,393652.23513447,6392923.43564101
372,393647.384421969,6392942.83849101
373,393642.533709468,6392962.24134102
374,393637.682996968,6392981.64419102
375,393633.606076037,6393001.17382473
376,393632.011171591,6393021.1101303
377,393630.416267145,6393041.04643587
378,393628.8213627,6393060.98274144
379,393627.226458254,6393080.91904701
380,393625.631553808,6393100.85535258
381,393622.889979521,6393120.57113011
382,393616.976304961,6393139.67684792
383,393611.0626304,6393158.78256574
384,393605.148955839,6393177.88828355
385,393593.781320195,6393193.99989376
386,393580.836703756,6393209.24577534
387,393567.892087317,6393224.49165692
388,393554.947470878,6393239.7375385
389,393542.002854439,6393254.98342009
390,393531.102864112,6393271.2886186
391,393526.114179392,6393290.6564534
392,393521.125494671,6393310.0242882
393,393516.13680995,6393329.392123
394,393511.148125229,6393348.75995779
395,393506.159440508,6393368.12779259
396,393512.279311388,6393386.57077636
397,393520.402080709,6393404.84700733
398,393528.52485003,6393423.1232383
399,393536.647619351,6393441.39946928
400,393544.770388672,6393459.67570025
401,393552.814307551,6393477.98643536
402,393560.726785472,6393496.35468768
403,393568.639263393,6393514.72293999
404,393576.551741313,6393533.09119231
405,393584.464219234,6393551.45944462
406,393592.376697155,6393569.82769694
407,393589.887979369,6393588.77540659
408,393584.064747054,6393607.9088842
409,393578.241514739,6393627.04236181
410,393572.418282424,6393646.17583942
411,393553.588665175,6393650.81265936
412,393533.937989194,6393654.53434358
413,393514.287313213,6393658.25602781
414,393496.445780143,6393657.3229867
415,393484.466251828,6393641.30765338
416,393472.486723513,6393625.29232006
417,393460.507195198,6393609.27698674
418,393448.527666883,6393593.26165342
419,393436.548138569,6393577.2463201
420,393424.586474812,6393561.21775121
421,393412.754173084,6393545.09334004
422,393400.921871357,6393528.96892886
423,393389.089569629,6393512.84451768
424,393377.257267901,6393496.7201065
425,393365.424966174,6393480.59569533
426,393353.592664446,6393464.47128415
427,393341.760362719,6393448.34687297
428,393329.928060991,6393432.22246179
429,393318.095759263,6393416.09805061
430,393306.263457536,6393399.97363944
431,393294.431155808,6393383.84922826
432,393282.598854081,6393367.72481708
433,393270.766552353,6393351.6004059
434,393260.40664386,6393334.60368655
435,393251.948934553,6393316.48002375
436,393243.491225246,6393298.35636095
437,393235.033515939,6393280.23269815
438,393226.575806633,6393262.10903535
439,393218.118097326,6393243.98537255
440,393209.660388019,6393225.86170975
441,393201.202678712,6393207.73804695
442,393192.744969406,6393189.61438415
443,393184.287260099,6393171.49072135
444,393175.829550792,6393153.36705855
445,393167.371841485,6393135.24339575
446,393160.267906924,6393116.58365445
447,393154.024841144,6393097.58301947
448,393147.781775365,6393078.58238448
449,393141.538709586,6393059.5817495
450,393135.295643806,6393040.58111452
451,393129.052578027,6393021.58047954
452,393122.809512247,6393002.57984456
453,393116.566446468,6392983.57920958
454,393110.323380689,6392964.5785746
455,393104.080314909,6392945.57793962
456,393097.83724913,6392926.57730464
457,393091.594183351,6392907.57666966
458,393085.351117571,6392888.57603468
459,393079.108051792,6392869.5753997
460,393072.864986012,6392850.57476471
461,393066.621920233,6392831.57412973
462,393060.378854454,6392812.57349475
463,393054.013551109,6392793.61988547
464,393045.912263563,6392775.33412215
465,393037.810976018,6392757.04835883
466,393029.709688472,6392738.76259552
467,393021.608400926,6392720.4768322
468,393013.50711338,6392702.19106888
469,393005.405825835,6392683.90530556
470,392997.304538289,6392665.61954225
471,392989.203250743,6392647.33377893
472,392981.101963197,6392629.04801561
473,392973.000675652,6392610.76225229
474,392964.899388106,6392592.47648898
475,392956.79810056,6392574.19072566
476,392948.696813015,6392555.90496234
477,392936.981878539,6392541.31418756
478,392918.520340077,6392533.62187987
479,392900.058801616,6392525.92957218
480,392881.597263154,6392518.23726449
481,392863.135724693,6392510.54495679
482,392844.674186231,6392502.8526491
483,392826.21264777,6392495.16034141
484,392807.751109308,6392487.46803372
485,392789.289570847,6392479.77572602
486,392770.79519235,6392472.94771454
487,392751.803168167,6392479.2169264
488,392732.811143984,6392485.48613827
489,392713.8191198,6392491.75535014
490,392694.827095617,6392498.024562
491,392675.835071434,6392504.29377387
492,392656.843047251,6392510.56298573
493,392637.851023068,6392516.8321976
494,392618.858998884,6392523.10140947
495,392602.818934142,6392533.60928538
496,392590.35269409,6392549.24875017
497,392577.886454039,6392564.88821496
498,392565.420213987,6392580.52767976
499,392552.953973935,6392596.16714455
500,392540.487733884,6392611.80660934
501,392528.021493832,6392627.44607413
502,392524.012176699,6392644.5703777
503,392530.405187349,6392663.52108784
504,392536.798197999,6392682.47179798
505,392543.191208649,6392701.42250812
506,392549.584219299,6392720.37321826
507,392555.977229949,6392739.3239284
508,392562.370240599,6392758.27463854
509,392568.835157515,6392777.2007837
510,392575.373285745,6392796.10191804
511,392581.911413975,6392815.00305237
512,392588.449542205,6392833.90418671
513,392594.987670435,6392852.80532105
514,392601.525798665,6392871.70645539
515,392608.063926895,6392890.60758972
516,392614.602055124,6392909.50872406
517,392621.140183354,6392928.4098584
518,392627.678311584,6392947.31099274
519,392634.216439814,6392966.21212707
520,392640.754568044,6392985.11326141
521,392647.292696274,6393004.01439575
522,392651.751508918,6393022.82270724
523,392643.55521049,6393041.06608116
524,392635.358912061,6393059.30945508
525,392627.162613632,6393077.552829
526,392618.966315203,6393095.79620293
527,392610.770016774,6393114.03957685
528,392601.039846613,6393130.44986013
529,392581.636996611,6393135.30057263
530,392562.234146608,6393140.15128513
531,392542.831296605,6393145.00199763
532,392523.428446602,6393149.85271014
533,392504.025596599,6393154.70342264
534,392484.622746596,6393159.55413514
535,392465.318243552,6393161.49858868
536,392446.287698031,6393155.34730124
537,392427.257152511,6393149.1960138
538,392408.22660699,6393143.04472636
539,392389.196061469,6393136.89343891
540,392370.165515948,6393130.74215147
541,392351.134970428,6393124.59086403
542,392332.104424907,6393118.43957659
543,392313.074996295,6393112.28500509
544,392294.240158063,6393105.55827715
545,392275.405319831,6393098.83154921
546,392256.570481599,6393092.10482127
547,392237.735643367,6393085.37809333
548,392218.900805135,6393078.65136539
549,392200.065966903,6393071.92463745
550,392181.231128671,6393065.19790951
551,392162.396290439,6393058.47118157
552,392142.718291949,6393057.63660036
553,392122.752804486,6393058.8110408
554,392102.787317022,6393059.98548124
555,392082.821829559,6393061.15992168
556,392062.856342095,6393062.33436211
557,392042.890854632,6393063.50880255
558,392022.925367168,6393064.68324299
559,392002.959879705,6393065.85768343
560,391982.994392241,6393067.03212387
561,391963.028904778,6393068.20656431
562,391943.063417314,6393069.38100475
563,391923.097929851,6393070.55544519
564,391903.128087933,6393071.65131754
565,391883.155097174,6393072.69037487
566,391863.182106414,6393073.72943219
567,391843.209115655,6393074.76848951
568,391823.236124895,6393075.80754684
569,391803.263134136,6393076.84660416
570,391783.290143376,6393077.88566148
571,391763.317152617,6393078.9247188
572,391743.344161857,6393079.96377613
573,391723.371171098,6393081.00283345
574,391703.398180338,6393082.04189077
575,391683.425189579,6393083.08094809
576,391663.452198819,6393084.12000542
577,391643.479208059,6393085.15906274
578,391623.89748411,6393089.01834958
579,391604.395974754,6393093.45581877
580,391584.894465398,6393097.89328797
581,391565.392956043,6393102.33075716
582,391545.891446687,6393106.76822636
583,391526.389937332,6393111.20569555
584,391506.888427976,6393115.64316475
585,391487.38691862,6393120.08063394
586,391467.885409265,6393124.51810313
587,391448.383899909,6393128.95557233
588,391428.882390553,6393133.39304152
589,391409.380881198,6393137.83051072
590,391389.879371842,6393142.26797991
591,391371.947936745,6393149.27203928
592,391359.116832735,6393164.61357668
593,391346.285728725,6393179.95511409
594,391333.454624716,6393195.29665149
595,391320.623520706,6393210.63818889
596,391307.792416696,6393225.9797263
597,391294.961312686,6393241.3212637
598,391282.130208676,6393256.6628011
599,391269.299104667,6393272.0043385
600,391256.468000657,6393287.34587591
601,391243.636896647,6393302.68741331
602,391230.805792637,6393318.02895071
603,391232.448835702,6393336.97402227
604,391236.589044556,6393356.54079693
605,391240.72925341,6393376.10757159
606,391244.869462264,6393395.67434625
607,391250.83341371,6393413.30196464
608,391270.617142458,6393416.23523532
609,391290.400871205,6393419.16850599
610,391310.184599953,6393422.10177666
611,391329.968328701,6393425.03504733
612,391349.752057449,6393427.968318
613,391369.608648166,6393430.13507055
614,391389.590717697,6393430.98176841
615,391409.572787228,6393431.82846627
616,391429.554856759,6393432.67516414
617,391449.536926289,6393433.521862
618,391469.51899582,6393434.36855986
619,391489.501065351,6393435.21525772
620,391509.483134881,6393436.06195558
621,391529.465204412,6393436.90865344
622,391549.447273943,6393437.75535131
623,391561.01283685,6393454.00243689
624,391572.51637189,6393470.36302005
625,391584.01990693,6393486.72360322
626,391595.52344197,6393503.08418639
627,391607.02697701,6393519.44476956
628,391618.53051205,6393535.80535272
629,391621.031103069,6393555.0142313
630,391621.031103069,6393575.0142313
631,391621.031103069,6393595.0142313
632,391620.251011017,6393614.66193682
633,391605.246834827,6393627.88595651
634,391590.242658636,6393641.10997621
635,391575.238482446,6393654.3339959
636,391560.234306255,6393667.55801559
637,391545.230130065,6393680.78203529
638,391530.225953874,6393694.00605498
639,391512.385150154,6393690.38855916
640,391493.877020109,6393682.80903924
641,391475.368890065,6393675.22951931
642,391456.860760021,6393667.64999939
643,391438.352629976,6393660.07047947
644,391419.844499932,6393652.49095955
645,391401.336369887,6393644.91143962
646,391382.828239843,6393637.3319197
647,391364.320109798,6393629.75239978
648,391344.614297863,6393628.42421234
649,391324.615318089,6393628.62622224
650,391304.616338315,6393628.82823213
651,391284.617358541,6393629.03024203
652,391264.618378767,6393629.23225193
653,391244.619398993,6393629.43426182
654,391224.620419219,6393629.63627172
655,391204.621439445,6393629.83828161
656,391190.322050383,6393643.37504041
657,391176.355573342,6393657.69067938
658,391162.3890963,6393672.00631835
659,391148.422619259,6393686.32195731
660,391134.456142217,6393700.63759628
661,391120.489665176,6393714.95323525
662,391106.523188134,6393729.26887422
663,391092.556711093,6393743.58451318
664,391078.590234051,6393757.90015215
665,391067.069935615,6393774.1960578
666,391055.975931691,6393790.83706369
667,391044.881927766,6393807.47806957
668,391033.787923842,6393824.11907546
669,391022.693919917,6393840.76008135
670,391011.599915993,6393857.40108723
671,391000.505912068,6393874.04209312
672,390989.411908144,6393890.68309901
673,390978.31790422,6393907.32410489
674,390967.223900295,6393923.96511078
675,390956.129896371,6393940.60611667
676,390945.035892446,6393957.24712256
677,390933.941888522,6393973.88812844
678,390922.847884598,6393990.52913433
679,390909.569276641,6394003.88855629
680,390889.936385199,6394007.70294662
681,390870.303493758,6394011.51733696
682,390850.670602316,6394015.3317273
683,390831.037710875,6394019.14611764
684,390811.404819433,6394022.96050797
685,390791.771927992,6394026.77489831
686,390772.13903655,6394030.58928865
687,390752.506145109,6394034.40367898
688,390732.873253667,6394038.21806932
689,390713.240362226,6394042.03245966
690,390693.607470784,6394045.84685
691,390673.974579343,6394049.66124033
692,390654.341687901,6394053.47563067
693,390635.158916989,6394055.53760258
694,390619.794491397,6394042.73391459
695,390604.430065805,6394029.93022659
696,390589.065640214,6394017.1265386
697,390573.701214622,6394004.32285061
698,390558.33678903,6393991.51916261
699,390542.972363438,6393978.71547462
700,390527.607937846,6393965.91178663
701,390512.243512254,6393953.10809863
702,390496.879086662,6393940.30441064
703,390499.319613669,6393922.63448581
704,390506.035963268,6393903.79594425
705,390512.752312867,6393884.95740269
706,390519.468662466,6393866.11886113
707,390526.185012065,6393847.28031957
708,390532.901361665,6393828.44177801
709,390539.617711264,6393809.60323645
710,390546.334060863,6393790.7646949
711,390553.050410462,6393771.92615334
712,390559.766760061,6393753.08761178
713,390566.48310966,6393734.24907022
714,390573.19945926,6393715.41052866
715,390579.915808859,6393696.5719871
716,390586.632158458,6393677.73344554
717,390593.348508057,6393658.89490398
718,390600.064857656,6393640.05636243
719,390606.781207255,6393621.21782087
720,390613.497556855,6393602.37927931
721,390620.213906454,6393583.54073775
722,390624.857452161,6393564.2449002
723,390626.690968243,6393544.32912207
724,390628.524484326,6393524.41334393
725,390630.358000408,6393504.49756579
726,390632.19151649,6393484.58178766
727,390634.025032573,6393464.66600952
728,390635.858548655,6393444.75023139
729,390637.692064738,6393424.83445325
730,390639.52558082,6393404.91867511
731,390641.359096902,6393385.00289698
732,390643.192612985,6393365.08711884
733,390645.026129067,6393345.1713407
734,390646.85964515,6393325.25556257
735,390648.693161232,6393305.33978443
736,390650.526677315,6393285.4240063
737,390652.360193397,6393265.50822816
738,390654.193709479,6393245.59245002
739,390656.027225562,6393225.67667189
740,390657.860741644,6393205.76089375
741,390659.694257727,6393185.84511561
742,390661.527773809,6393165.92933748
743,390663.361289891,6393146.01355934
744,390665.194805974,6393126.0977812
745,390667.028322056,6393106.18200307
746,390668.861838139,6393086.26622493
747,390667.407874125,6393066.93467925
748,390658.824702103,6393048.87009627
749,390650.241530082,6393030.8055133
750,390641.658358061,6393012.74093032
751,390633.07518604,6392994.67634735
752,390624.492014019,6392976.61176438
753,390615.908841997,6392958.5471814
754,390607.325669976,6392940.48259843
755,390598.742497955,6392922.41801545
756,390590.159325934,6392904.35343248
757,390581.576153913,6392886.2888495
758,390572.992981891,6392868.22426653
759,390564.40980987,6392850.15968355
760,390555.826637849,6392832.09510058
761,390547.243465828,6392814.0305176
762,390538.660293807,6392795.96593463
763,390525.519030273,6392783.92176379
764,390505.803395952,6392780.56114431
765,390486.087761631,6392777.20052482
766,390466.37212731,6392773.83990533
767,390446.65649299,6392770.47928585
768,390426.940858669,6392767.11866636
769,390407.225224348,6392763.75804687
770,390390.483738357,6392766.98947147
771,390379.956646065,6392783.99477441
772,390369.429553773,6392801.00007734
773,390358.902461481,6392818.00538028
774,390348.375369189,6392835.01068321
775,390337.848276896,6392852.01598614
776,390327.321184604,6392869.02128908
777,390316.794092312,6392886.02659201
778,390306.26700002,6392903.03189494
779,390295.739907728,6392920.03719788
780,390283.765260597,6392935.96251893
781,390270.4627943,6392950.89718968
782,390257.160328003,6392965.83186043
783,390243.857861706,6392980.76653118
784,390230.555395409,6392995.70120193
785,390217.252929112,6393010.63587268
786,390203.950462815,6393025.57054343
787,390190.647996519,6393040.50521418
788,390177.345530222,6393055.43988493
789,390164.043063925,6393070.37455569
790,390150.740597628,6393085.30922644
791,390137.438131331,6393100.24389719
792,390124.135665034,6393115.17856794
793,390110.833198737,6393130.11323869
794,390097.530732441,6393145.04790944
795,390084.228266144,6393159.98258019
796,390070.925799847,6393174.91725094
797,390057.62333355,6393189.85192169
798,390044.320867253,6393204.78659244
799,390031.17481126,6393219.8417507
800,390020.128948862,6393236.51475054
801,390009.083086464,6393253.18775039
802,389998.037224065,6393269.86075024
803,389986.991361667,6393286.53375008
804,389975.945499268,6393303.20674993
805,389964.89963687,6393319.87974978
806,389953.853774472,6393336.55274962
807,389942.807912073,6393353.22574947
808,389931.762049675,6393369.89874931
809,389920.716187276,6393386.57174916
810,389909.670324878,6393403.24474901
811,389898.62446248,6393419.91774885
812,389887.578600081,6393436.5907487
813,389876.532737683,6393453.26374855
814,389865.486875284,6393469.93674839
815,389865.23147499,6393489.31441228
816,389867.107228452,6393509.22625672
817,389868.982981914,6393529.13810116
818,389870.858735375,6393549.0499456
819,389872.734488837,6393568.96179004
820,389874.610242299,6393588.87363448
821,389876.48599576,6393608.78547892
822,389878.361749222,6393628.69732336
823,389880.237502684,6393648.60916779
824,389882.113256146,6393668.52101223
825,389883.989009607,6393688.43285667
826,389886.497111841,6393708.27291994
827,389889.132166879,6393728.09857213
828,389891.767221917,6393747.92422432
829,389894.402276956,6393767.74987652
830,389897.037331994,6393787.57552871
831,389899.672387033,6393807.40118091
832,389902.307442071,6393827.2268331
833,389904.94249711,6393847.0524853
834,389907.577552148,6393866.87813749
835,389910.212607186,6393886.70378969
836,389912.847662225,6393906.52944188
837,389915.482717263,6393926.35509408
838,389916.206742935,6393945.9168663
839,389908.297575931,6393964.2865445
840,389900.388408927,6393982.6562227
841,389892.479241923,6394001.02590091
842,389884.570074918,6394019.39557911
843,389876.660907914,6394037.76525731
844,389868.75174091,6394056.13493552
845,389852.517963154,6394067.60080425
846,389835.928436393,6394078.77164136
847,389819.338909632,6394089.94247848
848,389802.749382872,6394101.11331559
849,389786.159856111,6394112.28415271
850,389769.57032935,6394123.45498982
851,389752.98080259,6394134.62582694
852,389736.391275829,6394145.79666405
853,389719.801749068,6394156.96750117
854,389703.212222307,6394168.13833828
855,389686.622695547,6394179.3091754
856,389670.033168786,6394190.48001251
857,389653.443642025,6394201.65084963
858,389636.854115265,6394212.82168674
859,389620.264588504,6394223.99252386
860,389603.675061743,6394235.16336097
861,389587.085534982,6394246.33419809
862,389570.496008222,6394257.50503521
863,389553.906481461,6394268.67587232
864,389536.942706844,6394279.26770004
865,389519.944653009,6394289.80649342
866,389502.946599175,6394300.34528679
867,389485.948545341,6394310.88408017
868,389468.950491507,6394321.42287355
869,389451.952437672,6394331.96166693
870,389434.954383838,6394342.5004603
871,389417.956330004,6394353.03925368
872,389400.95827617,6394363.57804706
873,389383.960222335,6394374.11684044
874,389366.962168501,6394384.65563381
875,389349.964114667,6394395.19442719
876,389332.966060833,6394405.73322057
877,389315.968006998,6394416.27201394
878,389305.067880891,6394432.81549777
879,389294.792225242,6394449.9739039
880,389284.516569593,6394467.13231003
881,389274.240913943,6394484.29071616
882,389263.965258294,6394501.44912229
883,389253.689602645,6394518.60752843
884,389243.413946996,6394535.76593456
885,389233.138291346,6394552.92434069
886,389222.862635697,6394570.08274682
887,389212.586980048,6394587.24115295
888,389202.311324398,6394604.39955908
889,389192.035668749,6394621.55796522
890,389181.7600131,6394638.71637135
891,389171.48435745,6394655.87477748
892,389161.208701801,6394673.03318361
893,389150.933046152,6394690.19158974
894,389143.070805328,6394708.41358928
895,389137.340278991,6394727.57503672
896,389131.609752655,6394746.73648416
897,389125.879226318,6394765.8979316
898,389120.148699981,6394785.05937903
899,389114.418173645,6394804.22082647
900,389108.687647308,6394823.38227391
901,389102.957120972,6394842.54372135
902,389097.226594635,6394861.70516878
903,389093.660996513,6394881.32234729
904,389091.180301821,6394901.16790482
905,389088.699607129,6394921.01346236
906,389086.218912437,6394940.85901989
907,389083.738217746,6394960.70457743
908,389081.257523054,6394980.55013496
909,389078.776828362,6395000.3956925
910,389076.29613367,6395020.24125003
911,389073.815438978,6395040.08680756
912,389071.334744286,6395059.9323651
913,389068.854049595,6395079.77792263
914,389066.373354903,6395099.62348017
915,389063.892660211,6395119.4690377
916,389061.411965519,6395139.31459524
917,389058.931270827,6395159.16015277
918,389056.450576135,6395179.0057103
919,389053.714066272,6395198.75038364
920,389041.980985292,6395214.94713674
921,389030.247904312,6395231.14388983
922,389018.514823332,6395247.34064292
923,389006.781742352,6395263.53739601
924,388995.048661372,6395279.7341491
925,388983.315580392,6395295.9309022
926,388971.582499412,6395312.12765529
927,388959.849418432,6395328.32440838
928,388948.116337452,6395344.52116147
929,388936.383256472,6395360.71791456
930,388924.650175492,6395376.91466765
931,388912.917094512,6395393.11142075
932,388897.46253002,6395404.78684375
933,388879.312132976,6395413.1870275
934,388861.161735932,6395421.58721126
935,388843.011338887,6395429.98739501
936,388824.860941843,6395438.38757877
937,388806.710544799,6395446.78776253
938,388788.560147754,6395455.18794628
939,388770.40975071,6395463.58813004
940,388752.259353666,6395471.98831379
941,388734.108956621,6395480.38849755
942,388715.958559577,6395488.78868131
943,388696.480890131,6395484.30757212
944,388676.998946126,6395479.78497798
945,388657.517002121,6395475.26238384
946,388638.035058116,6395470.73978969
947,388623.398857505,6395460.28963766
948,388615.093010514,6395442.09587758
949,388606.787163522,6395423.90211751
950,388598.48131653,6395405.70835743
951,388590.175469539,6395387.51459735
952,388581.869622547,6395369.32083728
953,388573.563775556,6395351.1270772
954,388565.257928564,6395332.93331712
955,388556.952081572,6395314.73955704
956,388548.646234581,6395296.54579697
957,388540.340387589,6395278.35203689
958,388532.034540597,6395260.15827681
959,388522.498645649,6395242.66656523
960,388511.057645651,6395226.26219023
961,388499.616645653,6395209.85781524
962,388488.175645655,6395193.45344024
963,388476.734645657,6395177.04906524
964,388465.293645659,6395160.64469025
965,388453.852645661,6395144.24031525
966,388442.411645663,6395127.83594025
967,388430.970645665,6395111.43156526
968,388419.529645667,6395095.02719026
969,388408.088645669,6395078.62281526
970,388396.647645671,6395062.21844026
971,388385.206645673,6395045.81406527
972,388373.765645675,6395029.40969027
973,388362.324645677,6395013.00531527
974,388350.883645679,6394996.60094028
975,388339.442645681,6394980.19656528
976,388328.001645683,6394963.79219028
977,388316.560645684,6394947.38781528
978,388300.92806604,6394937.17047365
979,388281.450674136,6394932.62831507
980,388261.973282232,6394928.08615648
981,388242.495890328,6394923.5439979
982,388223.018498424,6394919.00183931
983,388203.54110652,6394914.45968072
984,388184.063714617,6394909.91752214
985,388164.586322713,6394905.37536355
986,388145.108930809,6394900.83320496
987,388125.631538905,6394896.29104638
988,388106.154147001,6394891.74888779
989,388086.676755097,6394887.2067292
990,388067.199363193,6394882.66457062
991,388047.721971289,6394878.12241203
992,388028.244579386,6394873.58025345
993,388008.767187482,6394869.03809486
994,387989.289795578,6394864.49593627
995,387969.812403674,6394859.95377769
996,387950.33501177,6394855.4116191
997,387930.857619866,6394850.86946051
998,387911.380227963,6394846.32730193
999,387891.505586005,6394844.25076898
1000,387871.587212462,6394842.44566638
1001,387851.668838919,6394840.64056378
1002,387831.750465376,6394838.83546118
1003,387811.832091833,6394837.03035857
1004,387791.913718291,6394835.22525597
1005,387771.995344748,6394833.42015337
1006,387752.076971205,6394831.61505077
1007,387732.158597662,6394829.80994816
1008,387712.240224119,6394828.00484556
1009,387692.321850576,6394826.19974296
1010,387672.403477033,6394824.39464036
1011,387652.48510349,6394822.58953775
1012,387632.566729947,6394820.78443515
1013,387612.648356404,6394818.97933255
1014,387592.729982861,6394817.17422995
1015,387572.811609318,6394815.36912735
1016,387552.893235775,6394813.56402474
1017,387532.974862233,6394811.75892214
1018,387513.05648869,6394809.95381954
1019,387493.138115147,6394808.14871694
1020,387473.219741604,6394806.34361433
1021,387453.301368061,6394804.53851173
1022,387433.382994518,6394802.73340913
1023,387413.464620975,6394800.92830653
1024,387393.774787122,6394797.82132666
1025,387374.432530396,6394792.73437229
1026,387355.09027367,6394787.64741793
1027,387335.748016944,6394782.56046356
1028,387316.405760218,6394777.47350919
1029,387297.063503492,6394772.38655482
1030,387277.721246766,6394767.29960045
1031,387258.37899004,6394762.21264609
1032,387239.036733314,6394757.12569172
1033,387219.694476587,6394752.03873735
1034,387200.352219861,6394746.95178298
1035,387181.009963135,6394741.86482861
1036,387161.667706409,6394736.77787424
1037,387142.325449683,6394731.69091988
1038,387122.983192957,6394726.60396551
1039,387103.640936231,6394721.51701114
1040,387084.298679505,6394716.43005677
1041,387064.956422779,6394711.3431024
1042,387045.614166053,6394706.25614803
1043,387026.271909327,6394701.16919367
1044,387006.929652601,6394696.0822393
1045,386987.587395875,6394690.99528493
1046,386968.245139149,6394685.90833056
1047,386948.902882423,6394680.82137619
1048,386929.560625697,6394675.73442183
1049,386910.218368971,6394670.64746746
1050,386890.876112245,6394665.56051309
1051,386871.735792331,6394659.79415954
1052,386852.755185232,6394653.49046585
1053,386833.774578132,6394647.18677216
1054,386814.793971032,6394640.88307847
1055,386795.813363932,6394634.57938478
1056,386776.832756832,6394628.27569109
1057,386757.852149733,6394621.97199741
1058,386738.871542633,6394615.66830372
1059,386719.890935533,6394609.36461003
1060,386700.910328433,6394603.06091634
1061,386681.929721333,6394596.75722265
1062,386662.949114234,6394590.45352896
1063,386643.968507134,6394584.14983527
1064,386624.987900034,6394577.84614158
1065,386606.007292934,6394571.54244789
1066,386587.026685835,6394565.23875421
1067,386568.046078735,6394558.93506052
1068,386549.065471635,6394552.63136683
1069,386530.084864535,6394546.32767314
1070,386511.104257435,6394540.02397945
1071,386492.123650336,6394533.72028576
1072,386473.143043236,6394527.41659207
1073,386454.162436136,6394521.11289838
1074,386434.984287643,6394515.45371175
1075,386415.73126884,6394510.03880021
1076,386396.478250036,6394504.62388867
1077,386377.225231233,6394499.20897713
1078,386357.97221243,6394493.7940656
1079,386338.719193627,6394488.37915406
1080,386319.466174824,6394482.96424252
1081,386300.213156021,6394477.54933098
1082,386280.960137218,6394472.13441944
1083,386261.707118415,6394466.7195079
1084,386242.454099612,6394461.30459637
1085,386223.201080809,6394455.88968483
1086,386203.948062006,6394450.47477329
1087,386184.695043203,6394445.05986175
1088,386165.442024399,6394439.64495021
1089,386146.189005596,6394434.23003867
1090,386126.935986793,6394428.81512714
1091,386107.68296799,6394423.4002156
1092,386088.429949187,6394417.98530406
1093,386069.176930384,6394412.57039252
1094,386049.923911581,6394407.15548098
1095,386030.533990685,6394402.27250199
1096,386011.058993884,6394397.72008509
1097,385991.583997084,6394393.16766819
1098,385972.109000284,6394388.61525129
1099,385952.634003483,6394384.06283439
1100,385933.159006683,6394379.51041749
1101,385913.684009883,6394374.95800059
1102,385894.209013082,6394370.4055837
1103,385874.734016282,6394365.8531668
1104,385855.259019482,6394361.3007499
1105,385835.784022681,6394356.748333
1106,385816.309025881,6394352.1959161
1107,385796.834029081,6394347.6434992
1108,385777.35903228,6394343.0910823
1109,385757.88403548,6394338.5386654
1110,385738.409038679,6394333.9862485
1111,385718.934041879,6394329.4338316
1112,385699.459045079,6394324.8814147
1113,385679.984048278,6394320.3289978
1114,385660.509051478,6394315.7765809
1115,385641.034054678,6394311.224164
1116,385621.559057877,6394306.6717471
1117,385602.084061077,6394302.1193302
1118,385582.609064277,6394297.5669133
1119,385563.134067476,6394293.0144964
1120,385543.659070676,6394288.46207951
1121,385524.184073876,6394283.90966261
1122,385504.709077075,6394279.35724571
1123,385484.975013673,6394278.00156656
1124,385465.021107213,6394279.35862846
1125,385445.067200754,6394280.71569036
1126,385425.113294294,6394282.07275226
1127,385405.159387834,6394283.42981416
1128,385385.205481374,6394284.78687606
1129,385365.251574915,6394286.14393795
1130,385345.297668455,6394287.50099985
1131,385325.343761995,6394288.85806175
1132,385305.389855535,6394290.21512365
1133,385285.435949076,6394291.57218555
1134,385265.482042616,6394292.92924744
1135,385245.528136156,6394294.28630934
1136,385225.574229696,6394295.64337124
1137,385205.620323237,6394297.00043314
1138,385185.666416777,6394298.35749504
1139,385165.838783146,6394300.63970169
1140,385146.251065844,6394304.67966839
1141,385126.663348542,6394308.71963508
1142,385107.07563124,6394312.75960177
1143,385087.487913937,6394316.79956847
1144,385067.900196635,6394320.83953516
1145,385048.312479333,6394324.87950186
1146,385028.724762031,6394328.91946855
1147,385009.137044728,6394332.95943524
1148,384989.549327426,6394336.99940194
1149,384969.961610124,6394341.03936863
1150,384950.373892821,6394345.07933532
1151,384930.786175519,6394349.11930202
1152,384911.198458217,6394353.15926871
1153,384891.610740915,6394357.1992354
1154,384872.023023612,6394361.2392021
1155,384852.43530631,6394365.27916879
1156,384833.253441038,6394369.96851103
1157,384821.038358941,6394385.80491749
1158,384808.823276845,6394401.64132394
1159,384796.608194748,6394417.4777304
1160,384784.393112652,6394433.31413685
1161,384772.178030555,6394449.1505433
1162,384759.962948459,6394464.98694976
1163,384747.485699236,6394480.61052544
1164,384734.497732231,6394495.81949362
1165,384721.509765226,6394511.0284618
1166,384708.521798221,6394526.23742998
1167,384695.533831216,6394541.44639816
1168,384682.545864211,6394556.65536634
1169,384669.557897206,6394571.86433452
1170,384656.569930201,6394587.0733027
1171,384643.581963196,6394602.28227088
1172,384630.59399619,6394617.49123906
1173,384617.606029185,6394632.70020723
1174,384604.61806218,6394647.90917541
1175,384591.630095175,6394663.11814359
1176,384578.64212817,6394678.32711177
1177,384565.654161165,6394693.53607995
1178,384552.66619416,6394708.74504813
1179,384539.678227155,6394723.95401631
1180,384526.69026015,6394739.16298449
1181,384510.544934548,6394750.50154016
1182,384493.037193491,6394760.16999418
1183,384475.529452434,6394769.83844819
1184,384458.021711377,6394779.50690221
1185,384440.51397032,6394789.17535623
1186,384423.006229262,6394798.84381024
1187,384405.498488205,6394808.51226426
1188,384387.990747148,6394818.18071828
1189,384369.209896525,6394824.33838712
1190,384349.574358868,6394828.1391319
1191,384329.93882121,6394831.93987669
1192,384310.303283553,6394835.74062147
1193,384290.667745895,6394839.54136625
1194,384271.032208238,6394843.34211104
1195,384251.39667058,6394847.14285582
1196,384231.761132923,6394850.9436006
1197,384212.125595265,6394854.74434538
1198,384192.490057608,6394858.54509017
1199,384172.85451995,6394862.34583495
1200,384153.218982293,6394866.14657973
1201,384133.395150128,6394867.00354024
1202,384113.435392191,6394865.73544595
1203,384093.475634255,6394864.46735167
1204,384073.515876318,6394863.19925738
1205,384053.556118382,6394861.9311631
1206,384033.596360445,6394860.66306881
1207,384013.636602509,6394859.39497453
1208,383993.676844572,6394858.12688024
1209,383973.717086636,6394856.85878596
1210,383953.757328699,6394855.59069167
1211,383933.797570763,6394854.32259738
1212,383913.837812826,6394853.0545031
1213,383893.87805489,6394851.78640881
1214,383873.918296953,6394850.51831453
1215,383853.958539017,6394849.25022024
1216,383833.99878108,6394847.98212596
1217,383814.039023144,6394846.71403167
1218,383794.079265207,6394845.44593738
1219,383774.119507271,6394844.1778431
1220,383754.159749334,6394842.90974881
1221,383734.199991398,6394841.64165453
1222,383714.240233461,6394840.37356024
1223,383694.280475525,6394839.10546596
1224,383674.320717589,6394837.83737167
1225,383658.64893032,6394844.9928798
1226,383647.929832336,6394861.87781209
1227,383637.210734353,6394878.76274438
1228,383626.491636369,6394895.64767667
1229,383615.772538386,6394912.53260896
1230,383605.053440403,6394929.41754125
1231,383594.334342419,6394946.30247354
1232,383583.615244436,6394963.18740583
1233,383572.896146452,6394980.07233812
1234,383562.177048469,6394996.9572704
1235,383551.457950486,6395013.84220269
1236,383540.738852502,6395030.72713498
1237,383530.019754519,6395047.61206727
1238,383519.300656536,6395064.49699956
1239,383508.581558552,6395081.38193185
1240,383497.862460569,6395098.26686414
1241,383486.336320417,6395114.41282151
1242,383470.458765376,6395126.57436935
1243,383454.581210334,6395138.73591719
1244,383438.703655292,6395150.89746503
1245,383422.82610025,6395163.05901287
1246,383406.948545208,6395175.22056071
1247,383391.000172573,6395187.07467428
1248,383371.402162909,6395183.08493529
1249,383351.804153246,6395179.09519629
1250,383332.206143582,6395175.1054573
1251,383312.608133918,6395171.11571831
1252,383293.010124255,6395167.12597931
1253,383273.412114592,6395163.13624032
1254,383253.814104928,6395159.14650133
1255,383234.216095264,6395155.15676234
1256,383214.618085601,6395151.16702334
1257,383195.020075937,6395147.17728435
1258,383175.422066274,6395143.18754536
1259,383155.82405661,6395139.19780637
1260,383136.226046947,6395135.20806737
1261,383116.628037283,6395131.21832838
1262,383097.03002762,6395127.22858939
1263,383077.432017956,6395123.2388504
1264,383057.834008293,6395119.2491114
1265,383040.845782843,6395109.32352502
1266,383024.657211657,6395097.57915773
1267,383008.468640471,6395085.83479044
1268,382992.280069285,6395074.09042316
1269,382976.091498098,6395062.34605587
1270,382959.902926912,6395050.60168859
1271,382943.714355726,6395038.8573213
1272,382927.52578454,6395027.11295401
1273,382911.337213353,6395015.36858673
1274,382895.148642167,6395003.62421944
1275,382878.960070981,6394991.87985216
1276,382862.771499795,6394980.13548487
1277,382846.582928608,6394968.39111758
1278,382830.394357422,6394956.6467503
1279,382814.205786236,6394944.90238301
1280,382798.01721505,6394933.15801573
1281,382781.828643864,6394921.41364844
1282,382765.640072677,6394909.66928115
1283,382749.451501491,6394897.92491387
1284,382733.262930305,6394886.18054658
1285,382717.074359118,6394874.4361793
1286,382700.885787932,6394862.69181201
1287,382684.697216746,6394850.94744472
1288,382668.50864556,6394839.20307744
1289,382652.320074374,6394827.45871015
1290,382636.131503187,6394815.71434287
1291,382619.942932001,6394803.96997558
1292,382603.754360815,6394792.22560829
1293,382587.565789629,6394780.48124101
1294,382571.377218442,6394768.73687372
1295,382555.188647256,6394756.99250644
1296,382539.00007607,6394745.24813915
1297,382522.811504884,6394733.50377186
1298,382506.622933697,6394721.75940458
1299,382490.434362511,6394710.01503729
1300,382474.245791325,6394698.27067001
1301,382458.057220139,6394686.52630272
1302,382441.868648952,6394674.78193543
1303,382425.680077766,6394663.03756815
1304,382409.49150658,6394651.29320086
1305,382393.302935394,6394639.54883358
1306,382377.114364207,6394627.80446629
1307,382360.925793021,6394616.060099
